*node data
id x y z name
1 60 113 186 
2 128 109 187 
3 75 152 188 
4 111 151 188 
5 75 177 144 
6 108 178 144 
7 62 156 179 
8 124 153 179 
9 63 177 145 
10 121 180 147 
11 51 136 164 
12 135 137 166 
13 53 155 160 
14 135 153 161 
15 61 160 140 
16 127 162 141 
17 53 118 155 
18 139 119 156 
19 88 122 198 
20 101 117 198 
21 83 147 138 
22 103 147 139 
23 87 172 181 
24 99 174 180 
25 86 184 150 
26 98 181 151 
27 86 169 139 
28 99 169 139 
29 63 134 150 
30 127 134 148 
31 88 160 165 
32 99 161 167 
33 88 108 177 
34 100 115 178 
35 90 87 154 
36 100 89 152 
37 72 116 130 
38 118 115 131 
39 75 125 121 
40 114 122 123 
41 72 134 129 
42 116 135 129 
43 88 62 131 
44 108 64 134 
45 88 54 148 
46 106 56 150 
47 81 75 122 
48 108 72 124 
49 79 51 146 
50 117 54 152 
51 65 58 136 
52 128 56 142 
53 62 67 118 
54 128 61 118 
55 66 102 116 
56 122 101 118 
57 58 96 180 
58 128 93 182 
59 73 62 174 
60 120 64 179 
61 56 78 168 
62 137 80 173 
63 46 92 159 
64 144 94 165 
65 54 68 153 
66 137 69 162 
67 88 69 169 
68 103 70 165 
69 88 90 196 
70 100 85 193 
71 84 138 155 
72 105 138 156 
73 73 133 148 
74 117 133 148 
75 79 130 145 
76 111 130 145 
77 85 113 146 
78 104 113 147 
79 58 109 150 
80 133 110 151 
81 48 112 146 
82 144 107 146 
83 57 148 133 
84 135 147 135 
85 45 106 134 
86 144 100 134 
87 60 152 121 
88 131 152 123 
89 51 113 118 
90 139 109 119 
91 63 82 102 
92 128 82 103 
93 71 78 93 
94 124 85 95 
95 86 103 117 
96 105 106 118 
97 81 99 117 
98 108 98 118 
99 74 87 110 
100 115 86 111 
101 68 91 90 
102 122 91 90 
103 74 96 89 
104 115 95 90 
105 86 99 92 
106 102 99 93 
107 74 112 99 
108 115 113 102 
109 94 102 116 
110 95 99 123 
111 95 87 125 
112 95 77 115 
113 96 75 106 
114 96 84 100 
115 95 92 101 
116 94 98 105 
*tie data
source target weight
2 1 0.166667
4 1 0.166667
6 1 0.520000
10 1 1.000000
29 1 1.000000
30 1 0.333333
31 1 0.056667
35 1 0.500000
43 1 0.190000
46 1 0.500000
65 1 0.166667
76 1 0.166667
99 1 0.093333
104 1 0.010000
115 1 0.040000
1 2 0.166667
3 2 0.070000
4 2 1.000000
11 2 0.060000
12 2 0.640000
13 2 0.170000
14 2 0.006667
17 2 0.213333
18 2 0.166667
22 2 0.166667
32 2 0.166667
33 2 0.500000
34 2 0.333333
35 2 0.166667
47 2 0.563333
51 2 0.020000
60 2 0.166667
94 2 0.016667
2 3 0.070000
5 3 1.000000
12 3 0.023333
13 3 0.333333
14 3 0.826667
18 3 0.186667
38 3 0.206667
45 3 0.166667
48 3 0.666667
56 3 0.166667
58 3 0.166667
59 3 0.166667
89 3 0.166667
113 3 0.003333
115 3 0.066667
1 4 0.166667
2 4 1.000000
5 4 0.166667
6 4 0.166667
7 4 0.656667
12 4 0.500000
16 4 0.083333
17 4 0.006667
31 4 0.513333
33 4 0.166667
34 4 0.056667
38 4 0.166667
47 4 0.250000
49 4 0.833333
54 4 0.166667
80 4 0.030000
90 4 0.166667
91 4 0.166667
94 4 0.166667
3 5 1.000000
4 5 0.166667
7 5 0.333333
8 5 0.666667
9 5 0.070000
16 5 0.166667
21 5 0.020000
31 5 0.333333
33 5 0.166667
40 5 0.080000
45 5 0.166667
50 5 1.000000
84 5 0.166667
112 5 0.153333
1 6 0.520000
4 6 0.166667
7 6 1.000000
9 6 0.050000
10 6 0.166667
13 6 0.056667
18 6 0.003333
26 6 0.076667
31 6 0.333333
32 6 0.666667
38 6 0.166667
39 6 0.166667
45 6 0.323333
46 6 0.036667
51 6 0.666667
58 6 0.093333
4 7 0.656667
5 7 0.333333
6 7 1.000000
8 7 0.666667
12 7 0.166667
15 7 0.166667
22 7 0.003333
26 7 0.083333
31 7 0.333333
43 7 0.166667
52 7 0.630000
58 7 0.166667
102 7 0.003333
5 8 0.666667
7 8 0.666667
12 8 0.246667
13 8 0.166667
14 8 0.036667
15 8 0.433333
16 8 0.236667
32 8 0.100000
36 8 0.010000
37 8 0.353333
42 8 0.333333
43 8 0.500000
53 8 0.666667
59 8 0.166667
66 8 0.166667
87 8 0.166667
93 8 0.166667
105 8 0.166667
107 8 0.003333
5 9 0.070000
6 9 0.050000
10 9 0.166667
15 9 0.500000
19 9 0.166667
21 9 0.166667
29 9 0.500000
32 9 0.333333
37 9 0.166667
40 9 0.666667
41 9 0.666667
54 9 0.833333
60 9 0.166667
69 9 0.010000
85 9 0.166667
86 9 0.056667
89 9 0.033333
90 9 0.030000
112 9 0.166667
1 10 1.000000
6 10 0.166667
9 10 0.166667
12 10 0.053333
17 10 0.500000
20 10 0.166667
32 10 0.053333
34 10 0.006667
37 10 0.166667
39 10 0.166667
43 10 0.166667
47 10 0.013333
54 10 0.003333
55 10 1.000000
81 10 0.046667
92 10 0.106667
112 10 0.166667
2 11 0.060000
13 11 0.160000
15 11 0.030000
16 11 0.020000
17 11 0.066667
21 11 0.500000
24 11 0.010000
35 11 0.166667
36 11 0.333333
37 11 0.166667
42 11 0.166667
43 11 0.083333
53 11 0.053333
56 11 1.000000
58 11 0.166667
59 11 0.253333
64 11 0.500000
81 11 0.166667
87 11 0.166667
96 11 0.166667
97 11 0.166667
104 11 0.163333
110 11 0.246667
112 11 0.196667
113 11 0.166667
114 11 0.020000
2 12 0.640000
3 12 0.023333
4 12 0.500000
7 12 0.166667
8 12 0.246667
10 12 0.053333
13 12 0.343333
14 12 0.333333
17 12 0.333333
29 12 0.030000
33 12 0.666667
39 12 0.110000
44 12 0.166667
54 12 0.010000
57 12 1.000000
90 12 0.016667
94 12 0.223333
2 13 0.170000
3 13 0.333333
6 13 0.056667
8 13 0.166667
11 13 0.160000
12 13 0.343333
14 13 0.166667
16 13 0.333333
18 13 0.526667
41 13 0.166667
57 13 0.166667
58 13 1.000000
59 13 0.166667
77 13 0.166667
87 13 0.096667
97 13 0.166667
2 14 0.006667
3 14 0.826667
8 14 0.036667
12 14 0.333333
13 14 0.166667
16 14 0.023333
19 14 0.166667
20 14 0.166667
36 14 0.166667
42 14 0.166667
56 14 0.166667
59 14 1.000000
76 14 0.166667
88 14 0.010000
90 14 0.103333
94 14 0.166667
95 14 0.166667
97 14 0.116667
109 14 0.166667
7 15 0.166667
8 15 0.433333
9 15 0.500000
11 15 0.030000
24 15 0.166667
37 15 0.316667
40 15 0.166667
41 15 0.666667
44 15 0.166667
53 15 0.030000
60 15 1.000000
64 15 0.166667
77 15 0.040000
82 15 0.166667
85 15 0.333333
94 15 0.006667
95 15 0.500000
104 15 0.166667
4 16 0.083333
5 16 0.166667
8 16 0.236667
11 16 0.020000
13 16 0.333333
14 16 0.023333
17 16 0.166667
20 16 0.166667
31 16 0.166667
35 16 0.143333
38 16 0.033333
45 16 0.166667
60 16 0.166667
61 16 1.000000
62 16 0.243333
69 16 0.166667
2 17 0.213333
4 17 0.006667
10 17 0.500000
11 17 0.066667
12 17 0.333333
16 17 0.166667
22 17 0.290000
29 17 0.080000
32 17 0.166667
34 17 0.276667
35 17 0.166667
37 17 0.070000
39 17 0.166667
44 17 0.166667
62 17 1.000000
65 17 0.096667
85 17 0.083333
86 17 0.003333
112 17 0.166667
2 18 0.166667
3 18 0.186667
6 18 0.003333
13 18 0.526667
23 18 0.333333
33 18 1.000000
34 18 0.333333
39 18 0.036667
51 18 0.013333
58 18 0.083333
63 18 1.000000
77 18 0.166667
94 18 0.160000
109 18 0.166667
9 19 0.166667
14 19 0.166667
20 19 0.666667
21 19 0.666667
22 19 0.040000
39 19 0.166667
41 19 0.033333
51 19 0.040000
54 19 0.166667
58 19 0.166667
60 19 0.166667
64 19 1.000000
81 19 0.060000
94 19 0.200000
96 19 0.166667
97 19 0.166667
107 19 0.076667
108 19 0.166667
111 19 0.333333
113 19 0.080000
10 20 0.166667
14 20 0.166667
16 20 0.166667
19 20 0.666667
21 20 0.500000
22 20 0.053333
28 20 0.613333
39 20 0.166667
42 20 0.166667
44 20 0.230000
45 20 0.333333
48 20 0.040000
58 20 0.166667
65 20 1.000000
87 20 0.333333
92 20 0.006667
95 20 0.166667
97 20 0.166667
99 20 0.166667
108 20 0.166667
110 20 0.166667
111 20 0.166667
116 20 0.056667
5 21 0.020000
9 21 0.166667
11 21 0.500000
19 21 0.666667
20 21 0.500000
29 21 0.166667
36 21 0.066667
37 21 0.333333
38 21 0.086667
41 21 0.166667
43 21 0.126667
44 21 0.166667
46 21 0.003333
48 21 0.166667
65 21 0.166667
66 21 0.833333
77 21 0.166667
93 21 0.166667
95 21 0.166667
102 21 0.166667
2 22 0.166667
7 22 0.003333
17 22 0.290000
19 22 0.040000
20 22 0.053333
23 22 0.550000
24 22 0.826667
26 22 0.166667
28 22 0.166667
34 22 0.043333
59 22 0.166667
67 22 1.000000
68 22 0.050000
69 22 0.500000
85 22 0.030000
106 22 0.166667
18 23 0.333333
22 23 0.550000
25 23 0.500000
34 23 0.363333
67 23 0.410000
68 23 1.000000
69 23 0.016667
79 23 0.030000
11 24 0.010000
15 24 0.166667
22 24 0.826667
25 24 0.166667
27 24 0.123333
29 24 0.033333
41 24 0.010000
67 24 0.166667
68 24 0.166667
69 24 1.000000
70 24 0.166667
73 24 0.166667
97 24 0.333333
98 24 0.166667
99 24 0.666667
100 24 0.166667
112 24 0.166667
23 25 0.500000
24 25 0.166667
26 25 0.833333
30 25 0.110000
32 25 0.063333
39 25 0.166667
68 25 0.166667
70 25 1.000000
74 25 0.166667
75 25 0.166667
81 25 0.166667
100 25 0.180000
113 25 0.003333
6 26 0.076667
7 26 0.083333
22 26 0.166667
25 26 0.833333
27 26 0.383333
28 26 0.333333
30 26 0.416667
34 26 0.330000
67 26 0.103333
71 26 0.833333
72 26 0.333333
73 26 0.166667
79 26 0.003333
88 26 0.193333
91 26 0.003333
100 26 0.063333
104 26 0.083333
106 26 0.010000
24 27 0.123333
26 27 0.383333
28 27 0.666667
29 27 0.170000
30 27 0.333333
32 27 0.166667
41 27 0.003333
43 27 0.026667
71 27 0.166667
72 27 1.000000
73 27 0.086667
74 27 0.333333
75 27 0.196667
78 27 0.013333
83 27 0.033333
90 27 0.500000
91 27 0.183333
99 27 0.056667
100 27 0.166667
20 28 0.613333
22 28 0.166667
26 28 0.333333
27 28 0.666667
37 28 0.166667
41 28 0.086667
42 28 0.166667
43 28 0.166667
45 28 0.680000
46 28 0.063333
73 28 1.000000
75 28 0.060000
97 28 0.833333
99 28 0.333333
1 29 1.000000
9 29 0.500000
12 29 0.030000
17 29 0.080000
21 29 0.166667
24 29 0.033333
27 29 0.170000
32 29 0.166667
35 29 0.210000
40 29 0.023333
41 29 0.103333
46 29 0.100000
54 29 0.166667
55 29 0.140000
74 29 1.000000
80 29 0.086667
86 29 0.043333
99 29 0.050000
104 29 0.006667
113 29 0.166667
116 29 0.036667
1 30 0.333333
25 30 0.110000
26 30 0.416667
27 30 0.333333
31 30 0.833333
34 30 0.363333
54 30 0.166667
71 30 0.080000
74 30 0.166667
75 30 1.000000
76 30 0.166667
91 30 0.093333
99 30 0.020000
103 30 0.040000
1 31 0.056667
4 31 0.513333
5 31 0.333333
6 31 0.333333
7 31 0.333333
16 31 0.166667
30 31 0.833333
34 31 0.003333
39 31 0.033333
45 31 0.583333
51 31 0.166667
76 31 0.833333
77 31 0.153333
90 31 0.030000
2 32 0.166667
6 32 0.666667
8 32 0.100000
9 32 0.333333
10 32 0.053333
17 32 0.166667
25 32 0.063333
27 32 0.166667
29 32 0.166667
37 32 0.166667
38 32 0.016667
41 32 0.166667
43 32 0.333333
44 32 0.116667
51 32 0.253333
54 32 0.116667
77 32 1.000000
78 32 0.126667
86 32 0.006667
87 32 0.003333
88 32 0.166667
2 33 0.500000
4 33 0.166667
5 33 0.166667
12 33 0.666667
18 33 1.000000
34 33 0.166667
43 33 0.333333
45 33 0.333333
77 33 0.333333
78 33 0.833333
94 33 0.166667
106 33 0.013333
2 34 0.333333
4 34 0.056667
10 34 0.006667
17 34 0.276667
18 34 0.333333
22 34 0.043333
23 34 0.363333
26 34 0.330000
30 34 0.363333
31 34 0.003333
33 34 0.166667
53 34 0.026667
68 34 0.040000
79 34 1.000000
80 34 0.080000
88 34 0.166667
92 34 0.116667
1 35 0.500000
2 35 0.166667
11 35 0.166667
16 35 0.143333
17 35 0.166667
29 35 0.210000
55 35 0.333333
74 35 0.166667
80 35 1.000000
81 35 0.060000
83 35 0.023333
92 35 0.166667
107 35 0.166667
111 35 0.166667
8 36 0.010000
11 36 0.333333
14 36 0.166667
21 36 0.066667
37 36 0.166667
38 36 0.360000
39 36 0.333333
59 36 0.166667
66 36 0.006667
67 36 0.036667
74 36 0.013333
75 36 0.023333
81 36 1.000000
83 36 0.166667
84 36 0.333333
91 36 0.166667
92 36 0.166667
106 36 0.090000
110 36 0.166667
112 36 0.166667
116 36 0.166667
8 37 0.353333
9 37 0.166667
10 37 0.166667
11 37 0.166667
15 37 0.316667
17 37 0.070000
21 37 0.333333
28 37 0.166667
32 37 0.166667
36 37 0.166667
38 37 1.000000
54 37 0.166667
81 37 0.333333
82 37 1.000000
83 37 0.166667
91 37 0.010000
108 37 0.166667
116 37 0.166667
3 38 0.206667
4 38 0.166667
6 38 0.166667
16 38 0.033333
21 38 0.086667
32 38 0.016667
36 38 0.360000
37 38 1.000000
40 38 0.166667
44 38 0.053333
58 38 0.166667
64 38 0.166667
75 38 0.166667
83 38 0.926667
84 38 0.333333
85 38 0.166667
95 38 0.166667
96 38 0.166667
109 38 0.173333
110 38 0.183333
111 38 0.166667
116 38 0.166667
6 39 0.166667
10 39 0.166667
12 39 0.110000
17 39 0.166667
18 39 0.036667
19 39 0.166667
20 39 0.166667
25 39 0.166667
31 39 0.033333
36 39 0.333333
42 39 0.166667
48 39 0.166667
60 39 0.166667
66 39 0.150000
81 39 0.166667
84 39 1.000000
88 39 0.076667
92 39 0.166667
93 39 0.063333
96 39 0.166667
98 39 0.020000
102 39 0.166667
109 39 0.166667
113 39 0.103333
115 39 0.003333
5 40 0.080000
9 40 0.666667
15 40 0.166667
29 40 0.023333
38 40 0.166667
41 40 0.500000
44 40 0.166667
61 40 0.500000
64 40 0.166667
67 40 0.033333
69 40 0.166667
80 40 0.096667
84 40 0.333333
85 40 0.833333
96 40 0.036667
109 40 0.166667
110 40 0.166667
9 41 0.666667
13 41 0.166667
15 41 0.666667
19 41 0.033333
21 41 0.166667
24 41 0.010000
27 41 0.003333
28 41 0.086667
29 41 0.103333
32 41 0.166667
40 41 0.500000
42 41 0.096667
43 41 0.333333
51 41 0.150000
54 41 0.166667
60 41 0.333333
84 41 0.136667
86 41 1.000000
109 41 0.166667
113 41 0.086667
8 42 0.333333
11 42 0.166667
14 42 0.166667
20 42 0.166667
28 42 0.166667
39 42 0.166667
41 42 0.096667
43 42 0.086667
44 42 0.746667
53 42 0.166667
60 42 0.166667
65 42 0.166667
66 42 0.166667
87 42 0.833333
95 42 0.166667
96 42 0.333333
97 42 0.003333
107 42 0.166667
108 42 0.166667
109 42 0.333333
110 42 0.166667
111 42 0.166667
116 42 0.166667
1 43 0.190000
7 43 0.166667
8 43 0.500000
10 43 0.166667
11 43 0.083333
21 43 0.126667
27 43 0.026667
28 43 0.166667
32 43 0.333333
33 43 0.333333
41 43 0.333333
42 43 0.086667
45 43 0.373333
53 43 0.083333
80 43 0.040000
84 43 0.166667
86 43 0.220000
87 43 0.173333
88 43 0.833333
89 43 0.333333
92 43 0.166667
97 43 0.083333
12 44 0.166667
15 44 0.166667
17 44 0.166667
20 44 0.230000
21 44 0.166667
32 44 0.116667
38 44 0.053333
40 44 0.166667
42 44 0.746667
45 44 0.333333
56 44 0.166667
57 44 0.093333
65 44 0.166667
66 44 0.166667
87 44 0.166667
89 44 0.666667
92 44 0.166667
94 44 0.166667
95 44 0.166667
108 44 0.163333
109 44 0.333333
110 44 0.250000
111 44 0.163333
3 45 0.166667
5 45 0.166667
6 45 0.323333
16 45 0.166667
20 45 0.333333
28 45 0.680000
31 45 0.583333
33 45 0.333333
43 45 0.373333
44 45 0.333333
72 45 0.033333
90 45 0.666667
91 45 0.080000
92 45 0.306667
104 45 0.066667
106 45 0.083333
115 45 0.166667
116 45 0.043333
1 46 0.500000
6 46 0.036667
21 46 0.003333
28 46 0.063333
29 46 0.100000
55 46 1.000000
74 46 1.000000
75 46 0.206667
77 46 0.166667
80 46 0.166667
86 46 0.096667
88 46 0.010000
99 46 0.166667
106 46 0.033333
108 46 0.023333
2 47 0.563333
4 47 0.250000
10 47 0.013333
49 47 1.000000
55 47 0.240000
57 47 0.833333
62 47 0.550000
75 47 0.166667
77 47 0.043333
79 47 0.166667
84 47 0.053333
88 47 0.060000
90 47 0.003333
91 47 0.046667
92 47 0.093333
93 47 0.146667
103 47 0.166667
3 48 0.666667
20 48 0.040000
21 48 0.166667
39 48 0.166667
49 48 0.333333
50 48 0.833333
53 48 0.333333
56 48 0.166667
58 48 0.333333
59 48 0.833333
61 48 0.166667
64 48 0.166667
78 48 0.500000
92 48 0.016667
93 48 0.156667
4 49 0.833333
47 49 1.000000
48 49 0.333333
50 49 0.666667
51 49 0.166667
52 49 0.663333
61 49 0.166667
62 49 0.333333
76 49 0.833333
78 49 0.166667
79 49 0.166667
91 49 0.166667
93 49 0.166667
5 50 1.000000
48 50 0.833333
49 50 0.666667
52 50 0.166667
53 50 0.666667
57 50 0.166667
58 50 0.026667
76 50 0.166667
90 50 0.166667
101 50 0.166667
2 51 0.020000
6 51 0.666667
18 51 0.013333
19 51 0.040000
31 51 0.166667
32 51 0.253333
41 51 0.150000
49 51 0.166667
52 51 1.000000
57 51 0.166667
60 51 0.016667
63 51 0.166667
64 51 0.166667
75 51 0.166667
76 51 0.166667
77 51 0.376667
83 51 0.166667
88 51 0.166667
90 51 0.166667
94 51 0.046667
101 51 0.166667
103 51 0.090000
110 51 0.166667
7 52 0.630000
49 52 0.663333
50 52 0.166667
51 52 1.000000
53 52 0.833333
57 52 0.166667
60 52 0.166667
71 52 0.113333
72 52 0.076667
76 52 0.333333
82 52 0.166667
88 52 0.166667
93 52 0.166667
101 52 0.166667
113 52 0.166667
115 52 0.136667
8 53 0.666667
11 53 0.053333
15 53 0.030000
34 53 0.026667
42 53 0.166667
43 53 0.083333
48 53 0.333333
50 53 0.666667
52 53 0.833333
57 53 0.166667
61 53 0.166667
76 53 0.166667
77 53 0.130000
79 53 0.006667
87 53 0.683333
88 53 0.166667
4 54 0.166667
9 54 0.833333
10 54 0.003333
12 54 0.010000
19 54 0.166667
29 54 0.166667
30 54 0.166667
32 54 0.116667
37 54 0.166667
41 54 0.166667
55 54 0.146667
60 54 0.333333
74 54 0.333333
78 54 0.043333
82 54 0.166667
85 54 0.913333
86 54 0.366667
89 54 0.090000
104 54 0.100000
112 54 0.013333
10 55 1.000000
29 55 0.140000
35 55 0.333333
46 55 1.000000
47 55 0.240000
54 55 0.146667
60 55 0.166667
62 55 0.333333
77 55 0.333333
80 55 0.333333
86 55 0.166667
87 55 0.410000
92 55 0.166667
99 55 0.023333
113 55 0.166667
3 56 0.166667
11 56 1.000000
14 56 0.166667
44 56 0.166667
48 56 0.166667
59 56 0.500000
62 56 0.003333
64 56 0.166667
66 56 0.166667
81 56 0.913333
89 56 0.166667
92 56 0.030000
96 56 0.166667
112 56 0.253333
12 57 1.000000
13 57 0.166667
44 57 0.093333
47 57 0.833333
50 57 0.166667
51 57 0.166667
52 57 0.166667
53 57 0.166667
58 57 0.356667
59 57 0.166667
61 57 0.406667
63 57 0.166667
78 57 0.286667
81 57 0.166667
88 57 0.333333
89 57 0.096667
93 57 0.093333
105 57 0.166667
3 58 0.166667
6 58 0.093333
7 58 0.166667
11 58 0.166667
13 58 1.000000
18 58 0.083333
19 58 0.166667
20 58 0.166667
38 58 0.166667
48 58 0.333333
50 58 0.026667
57 58 0.356667
59 58 0.166667
60 58 0.166667
61 58 0.166667
63 58 0.166667
84 58 0.166667
97 58 0.233333
109 58 0.046667
3 59 0.166667
8 59 0.166667
11 59 0.253333
13 59 0.166667
14 59 1.000000
22 59 0.166667
36 59 0.166667
48 59 0.833333
56 59 0.500000
57 59 0.166667
58 59 0.166667
61 59 0.086667
62 59 0.156667
64 59 0.166667
81 59 0.086667
82 59 0.160000
93 59 0.010000
104 59 0.166667
107 59 0.053333
110 59 0.100000
116 59 0.166667
2 60 0.166667
9 60 0.166667
15 60 1.000000
16 60 0.166667
19 60 0.166667
39 60 0.166667
41 60 0.333333
42 60 0.166667
51 60 0.016667
52 60 0.166667
54 60 0.333333
55 60 0.166667
58 60 0.166667
66 60 0.166667
67 60 0.166667
77 60 0.166667
78 60 0.096667
82 60 0.500000
86 60 0.333333
87 60 0.026667
111 60 0.166667
113 60 0.166667
116 60 0.050000
16 61 1.000000
40 61 0.500000
48 61 0.166667
49 61 0.166667
53 61 0.166667
57 61 0.406667
58 61 0.166667
59 61 0.086667
68 61 0.250000
77 61 0.166667
78 61 0.096667
81 61 0.166667
85 61 0.166667
96 61 0.050000
105 61 0.100000
106 61 0.166667
109 61 0.166667
114 61 0.156667
16 62 0.243333
17 62 1.000000
47 62 0.550000
49 62 0.333333
55 62 0.333333
56 62 0.003333
59 62 0.156667
63 62 0.166667
68 62 0.166667
77 62 0.333333
79 62 0.333333
86 62 0.006667
96 62 0.166667
111 62 0.070000
18 63 1.000000
51 63 0.166667
57 63 0.166667
58 63 0.166667
62 63 0.166667
78 63 0.743333
79 63 0.750000
82 63 0.073333
84 63 0.333333
90 63 0.006667
105 63 0.110000
106 63 0.023333
111 63 0.333333
11 64 0.500000
15 64 0.166667
19 64 1.000000
38 64 0.166667
40 64 0.166667
48 64 0.166667
51 64 0.166667
56 64 0.166667
59 64 0.166667
65 64 0.500000
66 64 0.833333
73 64 0.153333
80 64 0.020000
82 64 0.166667
83 64 0.166667
84 64 0.500000
89 64 0.333333
102 64 0.333333
109 64 0.166667
111 64 0.166667
114 64 0.166667
1 65 0.166667
17 65 0.096667
20 65 1.000000
21 65 0.166667
42 65 0.166667
44 65 0.166667
64 65 0.500000
66 65 0.833333
73 65 0.500000
87 65 0.500000
89 65 0.333333
90 65 0.046667
97 65 0.166667
98 65 0.230000
107 65 0.166667
109 65 0.016667
111 65 0.166667
116 65 0.166667
8 66 0.166667
21 66 0.833333
36 66 0.006667
39 66 0.150000
42 66 0.166667
44 66 0.166667
56 66 0.166667
60 66 0.166667
64 66 0.833333
65 66 0.833333
82 66 0.500000
84 66 0.166667
98 66 0.133333
102 66 0.166667
109 66 0.166667
22 67 1.000000
23 67 0.410000
24 67 0.166667
26 67 0.103333
36 67 0.036667
40 67 0.033333
60 67 0.166667
68 67 0.333333
69 67 0.886667
70 67 0.023333
79 67 0.033333
85 67 0.446667
22 68 0.050000
23 68 1.000000
24 68 0.166667
25 68 0.166667
34 68 0.040000
61 68 0.250000
62 68 0.166667
67 68 0.333333
69 68 0.166667
70 68 0.350000
77 68 0.166667
78 68 0.010000
79 68 0.550000
98 68 0.043333
114 68 0.166667
9 69 0.010000
16 69 0.166667
22 69 0.500000
23 69 0.016667
24 69 1.000000
40 69 0.166667
67 69 0.886667
68 69 0.166667
70 69 0.120000
72 69 0.333333
74 69 0.166667
80 69 0.200000
86 69 0.016667
88 69 0.060000
96 69 0.166667
98 69 0.166667
100 69 0.333333
113 69 0.166667
114 69 0.116667
24 70 0.166667
25 70 1.000000
67 70 0.023333
68 70 0.350000
69 70 0.120000
71 70 1.000000
74 70 0.166667
75 70 0.500000
79 70 0.010000
100 70 0.246667
26 71 0.833333
27 71 0.166667
30 71 0.080000
52 71 0.113333
70 71 1.000000
72 71 0.666667
73 71 0.333333
75 71 0.590000
78 71 0.086667
79 71 0.076667
84 71 0.013333
88 71 0.083333
105 71 0.073333
26 72 0.333333
27 72 1.000000
45 72 0.033333
52 72 0.076667
69 72 0.333333
71 72 0.666667
73 72 0.166667
74 72 0.500000
89 72 0.020000
90 72 0.166667
92 72 0.223333
100 72 0.333333
102 72 0.076667
107 72 0.166667
111 72 0.096667
115 72 0.086667
24 73 0.166667
26 73 0.166667
27 73 0.086667
28 73 1.000000
64 73 0.153333
65 73 0.500000
71 73 0.333333
72 73 0.166667
80 73 0.166667
83 73 0.166667
88 73 0.026667
89 73 0.333333
90 73 0.666667
98 73 0.666667
99 73 0.166667
100 73 0.333333
107 73 0.166667
108 73 0.166667
25 74 0.166667
27 74 0.333333
29 74 1.000000
30 74 0.166667
35 74 0.166667
36 74 0.013333
46 74 1.000000
54 74 0.333333
69 74 0.166667
70 74 0.166667
72 74 0.500000
85 74 0.166667
25 75 0.166667
27 75 0.196667
28 75 0.060000
30 75 1.000000
36 75 0.023333
38 75 0.166667
46 75 0.206667
47 75 0.166667
51 75 0.166667
70 75 0.500000
71 75 0.590000
76 75 0.556667
79 75 0.216667
80 75 0.190000
90 75 0.500000
105 75 0.096667
1 76 0.166667
14 76 0.166667
30 76 0.166667
31 76 0.833333
49 76 0.833333
50 76 0.166667
51 76 0.166667
52 76 0.333333
53 76 0.166667
75 76 0.556667
77 76 0.500000
78 76 0.666667
84 76 0.046667
90 76 0.166667
107 76 0.166667
116 76 0.023333
13 77 0.166667
15 77 0.040000
18 77 0.166667
21 77 0.166667
31 77 0.153333
32 77 1.000000
33 77 0.333333
46 77 0.166667
47 77 0.043333
51 77 0.376667
53 77 0.130000
55 77 0.333333
60 77 0.166667
61 77 0.166667
62 77 0.333333
68 77 0.166667
76 77 0.500000
84 77 0.166667
87 77 0.166667
88 77 0.073333
90 77 0.023333
101 77 0.240000
103 77 0.030000
27 78 0.013333
32 78 0.126667
33 78 0.833333
48 78 0.500000
49 78 0.166667
54 78 0.043333
57 78 0.286667
60 78 0.096667
61 78 0.096667
63 78 0.743333
68 78 0.010000
71 78 0.086667
76 78 0.666667
79 78 0.343333
83 78 0.166667
84 78 0.180000
93 78 0.500000
111 78 0.166667
23 79 0.030000
26 79 0.003333
34 79 1.000000
47 79 0.166667
49 79 0.166667
53 79 0.006667
62 79 0.333333
63 79 0.750000
67 79 0.033333
68 79 0.550000
70 79 0.010000
71 79 0.076667
75 79 0.216667
78 79 0.343333
88 79 0.043333
91 79 0.333333
4 80 0.030000
29 80 0.086667
34 80 0.080000
35 80 1.000000
40 80 0.096667
43 80 0.040000
46 80 0.166667
55 80 0.333333
64 80 0.020000
69 80 0.200000
73 80 0.166667
75 80 0.190000
88 80 0.166667
90 80 0.210000
92 80 0.093333
112 80 0.166667
115 80 0.166667
10 81 0.046667
11 81 0.166667
19 81 0.060000
25 81 0.166667
35 81 0.060000
36 81 1.000000
37 81 0.333333
39 81 0.166667
56 81 0.913333
57 81 0.166667
59 81 0.086667
61 81 0.166667
82 81 0.333333
84 81 0.166667
94 81 0.110000
101 81 0.080000
104 81 0.166667
110 81 0.166667
116 81 0.166667
15 82 0.166667
37 82 1.000000
52 82 0.166667
54 82 0.166667
59 82 0.160000
60 82 0.500000
63 82 0.073333
64 82 0.166667
66 82 0.500000
81 82 0.333333
83 82 1.000000
85 82 0.166667
92 82 0.086667
93 82 0.053333
105 82 0.166667
115 82 0.166667
27 83 0.033333
35 83 0.023333
36 83 0.166667
37 83 0.166667
38 83 0.926667
51 83 0.166667
64 83 0.166667
73 83 0.166667
78 83 0.166667
82 83 1.000000
85 83 0.166667
96 83 0.166667
109 83 0.020000
110 83 0.333333
114 83 0.166667
5 84 0.166667
36 84 0.333333
38 84 0.333333
39 84 1.000000
40 84 0.333333
41 84 0.136667
43 84 0.166667
47 84 0.053333
58 84 0.166667
63 84 0.333333
64 84 0.500000
66 84 0.166667
71 84 0.013333
76 84 0.046667
77 84 0.166667
78 84 0.180000
81 84 0.166667
85 84 0.166667
93 84 0.166667
94 84 0.136667
95 84 0.083333
96 84 0.030000
109 84 0.166667
111 84 0.333333
9 85 0.166667
15 85 0.333333
17 85 0.083333
22 85 0.030000
38 85 0.166667
40 85 0.833333
54 85 0.913333
61 85 0.166667
67 85 0.446667
74 85 0.166667
82 85 0.166667
83 85 0.166667
84 85 0.166667
86 85 0.333333
96 85 0.166667
109 85 0.166667
110 85 0.166667
9 86 0.056667
17 86 0.003333
29 86 0.043333
32 86 0.006667
41 86 1.000000
43 86 0.220000
46 86 0.096667
54 86 0.366667
55 86 0.166667
60 86 0.333333
62 86 0.006667
69 86 0.016667
85 86 0.333333
87 86 0.400000
88 86 0.670000
8 87 0.166667
11 87 0.166667
13 87 0.096667
20 87 0.333333
32 87 0.003333
42 87 0.833333
43 87 0.173333
44 87 0.166667
53 87 0.683333
55 87 0.410000
60 87 0.026667
65 87 0.500000
77 87 0.166667
86 87 0.400000
89 87 0.400000
97 87 0.083333
98 87 0.166667
99 87 0.293333
14 88 0.010000
26 88 0.193333
32 88 0.166667
34 88 0.166667
39 88 0.076667
43 88 0.833333
46 88 0.010000
47 88 0.060000
51 88 0.166667
52 88 0.166667
53 88 0.166667
57 88 0.333333
69 88 0.060000
71 88 0.083333
73 88 0.026667
77 88 0.073333
79 88 0.043333
80 88 0.166667
86 88 0.670000
90 88 0.666667
91 88 0.166667
98 88 0.453333
113 88 0.016667
3 89 0.166667
9 89 0.033333
43 89 0.333333
44 89 0.666667
54 89 0.090000
56 89 0.166667
57 89 0.096667
64 89 0.333333
65 89 0.333333
72 89 0.020000
73 89 0.333333
87 89 0.400000
90 89 0.566667
93 89 0.166667
95 89 0.166667
96 89 0.080000
102 89 0.166667
103 89 0.333333
105 89 0.166667
107 89 0.166667
108 89 0.166667
115 89 0.136667
4 90 0.166667
9 90 0.030000
12 90 0.016667
14 90 0.103333
27 90 0.500000
31 90 0.030000
45 90 0.666667
47 90 0.003333
50 90 0.166667
51 90 0.166667
63 90 0.006667
65 90 0.046667
72 90 0.166667
73 90 0.666667
75 90 0.500000
76 90 0.166667
77 90 0.023333
80 90 0.210000
88 90 0.666667
89 90 0.566667
92 90 0.166667
104 90 0.166667
105 90 0.040000
108 90 0.166667
4 91 0.166667
26 91 0.003333
27 91 0.183333
30 91 0.093333
36 91 0.166667
37 91 0.010000
45 91 0.080000
47 91 0.046667
49 91 0.166667
79 91 0.333333
88 91 0.166667
92 91 1.000000
93 91 0.666667
96 91 0.063333
99 91 0.833333
100 91 0.166667
101 91 0.266667
104 91 0.136667
112 91 0.166667
10 92 0.106667
20 92 0.006667
34 92 0.116667
35 92 0.166667
36 92 0.166667
39 92 0.166667
43 92 0.166667
44 92 0.166667
45 92 0.306667
47 92 0.093333
48 92 0.016667
55 92 0.166667
56 92 0.030000
72 92 0.223333
80 92 0.093333
82 92 0.086667
90 92 0.166667
91 92 1.000000
93 92 0.166667
94 92 0.666667
100 92 0.443333
102 92 0.166667
110 92 0.060000
111 92 0.166667
112 92 0.333333
8 93 0.166667
21 93 0.166667
39 93 0.063333
47 93 0.146667
48 93 0.156667
49 93 0.166667
52 93 0.166667
57 93 0.093333
59 93 0.010000
78 93 0.500000
82 93 0.053333
84 93 0.166667
89 93 0.166667
91 93 0.666667
92 93 0.166667
94 93 0.833333
101 93 1.000000
102 93 0.166667
103 93 0.333333
105 93 0.106667
113 93 0.333333
114 93 0.333333
2 94 0.016667
4 94 0.166667
12 94 0.223333
14 94 0.166667
15 94 0.006667
18 94 0.160000
19 94 0.200000
33 94 0.166667
44 94 0.166667
51 94 0.046667
81 94 0.110000
84 94 0.136667
92 94 0.666667
93 94 0.833333
101 94 0.166667
102 94 1.000000
106 94 0.166667
107 94 0.286667
108 94 0.166667
110 94 0.010000
111 94 0.166667
113 94 0.166667
14 95 0.166667
15 95 0.500000
20 95 0.166667
21 95 0.166667
38 95 0.166667
42 95 0.166667
44 95 0.166667
84 95 0.083333
89 95 0.166667
96 95 0.833333
97 95 0.166667
105 95 0.166667
109 95 0.833333
110 95 0.166667
111 95 0.166667
112 95 0.043333
116 95 0.186667
11 96 0.166667
19 96 0.166667
38 96 0.166667
39 96 0.166667
40 96 0.036667
42 96 0.333333
56 96 0.166667
61 96 0.050000
62 96 0.166667
69 96 0.166667
83 96 0.166667
84 96 0.030000
85 96 0.166667
89 96 0.080000
91 96 0.063333
95 96 0.833333
97 96 0.333333
98 96 0.316667
107 96 0.166667
109 96 0.333333
110 96 0.333333
115 96 0.130000
116 96 0.166667
11 97 0.166667
13 97 0.166667
14 97 0.116667
19 97 0.166667
20 97 0.166667
24 97 0.333333
28 97 0.833333
42 97 0.003333
43 97 0.083333
58 97 0.233333
65 97 0.166667
87 97 0.083333
95 97 0.166667
96 97 0.333333
98 97 1.000000
99 97 0.500000
111 97 0.666667
114 97 0.166667
24 98 0.166667
39 98 0.020000
65 98 0.230000
66 98 0.133333
68 98 0.043333
69 98 0.166667
73 98 0.666667
87 98 0.166667
88 98 0.453333
96 98 0.316667
97 98 1.000000
99 98 0.166667
100 98 0.333333
109 98 0.053333
111 98 0.333333
115 98 0.020000
1 99 0.093333
20 99 0.166667
24 99 0.666667
27 99 0.056667
28 99 0.333333
29 99 0.050000
30 99 0.020000
46 99 0.166667
55 99 0.023333
73 99 0.166667
87 99 0.293333
91 99 0.833333
97 99 0.500000
98 99 0.166667
100 99 1.000000
111 99 0.073333
112 99 0.170000
113 99 0.330000
114 99 0.030000
24 100 0.166667
25 100 0.180000
26 100 0.063333
27 100 0.166667
69 100 0.333333
70 100 0.246667
72 100 0.333333
73 100 0.333333
91 100 0.166667
92 100 0.443333
98 100 0.333333
99 100 1.000000
103 100 0.166667
109 100 0.016667
112 100 0.166667
113 100 0.166667
50 101 0.166667
51 101 0.166667
52 101 0.166667
77 101 0.240000
81 101 0.080000
91 101 0.266667
93 101 1.000000
94 101 0.166667
102 101 0.266667
103 101 1.000000
105 101 0.093333
107 101 0.166667
108 101 0.333333
110 101 0.073333
115 101 0.166667
7 102 0.003333
21 102 0.166667
39 102 0.166667
64 102 0.333333
66 102 0.166667
72 102 0.076667
89 102 0.166667
92 102 0.166667
93 102 0.166667
94 102 1.000000
101 102 0.266667
104 102 1.000000
106 102 0.166667
108 102 0.166667
30 103 0.040000
47 103 0.166667
51 103 0.090000
77 103 0.030000
89 103 0.333333
93 103 0.333333
100 103 0.166667
101 103 1.000000
104 103 0.500000
105 103 1.000000
107 103 0.166667
108 103 0.166667
112 103 0.166667
114 103 0.540000
1 104 0.010000
11 104 0.163333
15 104 0.166667
26 104 0.083333
29 104 0.006667
45 104 0.066667
54 104 0.100000
59 104 0.166667
81 104 0.166667
90 104 0.166667
91 104 0.136667
102 104 1.000000
103 104 0.500000
106 104 1.000000
108 104 0.333333
110 104 0.166667
112 104 0.166667
113 104 0.166667
114 104 0.166667
8 105 0.166667
57 105 0.166667
61 105 0.100000
63 105 0.110000
71 105 0.073333
75 105 0.096667
82 105 0.166667
89 105 0.166667
90 105 0.040000
93 105 0.106667
95 105 0.166667
101 105 0.093333
103 105 1.000000
106 105 1.000000
107 105 0.500000
108 105 0.166667
109 105 0.196667
110 105 0.166667
115 105 0.333333
22 106 0.166667
26 106 0.010000
33 106 0.013333
36 106 0.090000
45 106 0.083333
46 106 0.033333
61 106 0.166667
63 106 0.023333
94 106 0.166667
102 106 0.166667
104 106 1.000000
105 106 1.000000
107 106 0.033333
108 106 0.500000
110 106 0.166667
115 106 0.500000
8 107 0.003333
19 107 0.076667
35 107 0.166667
42 107 0.166667
59 107 0.053333
65 107 0.166667
72 107 0.166667
73 107 0.166667
76 107 0.166667
89 107 0.166667
94 107 0.286667
96 107 0.166667
101 107 0.166667
103 107 0.166667
105 107 0.500000
106 107 0.033333
108 107 0.333333
109 107 0.096667
114 107 0.166667
116 107 0.063333
19 108 0.166667
20 108 0.166667
37 108 0.166667
42 108 0.166667
44 108 0.163333
46 108 0.023333
73 108 0.166667
89 108 0.166667
90 108 0.166667
94 108 0.166667
101 108 0.333333
102 108 0.166667
103 108 0.166667
104 108 0.333333
105 108 0.166667
106 108 0.500000
107 108 0.333333
109 108 0.166667
112 108 0.166667
113 108 0.166667
14 109 0.166667
18 109 0.166667
38 109 0.173333
39 109 0.166667
40 109 0.166667
41 109 0.166667
42 109 0.333333
44 109 0.333333
58 109 0.046667
61 109 0.166667
64 109 0.166667
65 109 0.016667
66 109 0.166667
83 109 0.020000
84 109 0.166667
85 109 0.166667
95 109 0.833333
96 109 0.333333
98 109 0.053333
100 109 0.016667
105 109 0.196667
107 109 0.096667
108 109 0.166667
110 109 0.833333
113 109 0.166667
11 110 0.246667
20 110 0.166667
36 110 0.166667
38 110 0.183333
40 110 0.166667
42 110 0.166667
44 110 0.250000
51 110 0.166667
59 110 0.100000
81 110 0.166667
83 110 0.333333
85 110 0.166667
92 110 0.060000
94 110 0.010000
95 110 0.166667
96 110 0.333333
101 110 0.073333
104 110 0.166667
105 110 0.166667
106 110 0.166667
109 110 0.833333
111 110 0.333333
113 110 0.166667
114 110 0.500000
115 110 0.166667
19 111 0.333333
20 111 0.166667
35 111 0.166667
38 111 0.166667
42 111 0.166667
44 111 0.163333
60 111 0.166667
62 111 0.070000
63 111 0.333333
64 111 0.166667
65 111 0.166667
72 111 0.096667
78 111 0.166667
84 111 0.333333
92 111 0.166667
94 111 0.166667
95 111 0.166667
97 111 0.666667
98 111 0.333333
99 111 0.073333
110 111 0.333333
112 111 1.000000
113 111 0.166667
5 112 0.153333
9 112 0.166667
10 112 0.166667
11 112 0.196667
17 112 0.166667
24 112 0.166667
36 112 0.166667
54 112 0.013333
56 112 0.253333
80 112 0.166667
91 112 0.166667
92 112 0.333333
95 112 0.043333
99 112 0.170000
100 112 0.166667
103 112 0.166667
104 112 0.166667
108 112 0.166667
111 112 1.000000
113 112 1.000000
114 112 0.413333
115 112 0.333333
3 113 0.003333
11 113 0.166667
19 113 0.080000
25 113 0.003333
29 113 0.166667
39 113 0.103333
41 113 0.086667
52 113 0.166667
55 113 0.166667
60 113 0.166667
69 113 0.166667
88 113 0.016667
93 113 0.333333
94 113 0.166667
99 113 0.330000
100 113 0.166667
104 113 0.166667
108 113 0.166667
109 113 0.166667
110 113 0.166667
111 113 0.166667
112 113 1.000000
114 113 0.500000
115 113 0.173333
116 113 0.166667
11 114 0.020000
61 114 0.156667
64 114 0.166667
68 114 0.166667
69 114 0.116667
83 114 0.166667
93 114 0.333333
97 114 0.166667
99 114 0.030000
103 114 0.540000
104 114 0.166667
107 114 0.166667
110 114 0.500000
112 114 0.413333
113 114 0.500000
115 114 1.000000
1 115 0.040000
3 115 0.066667
39 115 0.003333
45 115 0.166667
52 115 0.136667
72 115 0.086667
80 115 0.166667
82 115 0.166667
89 115 0.136667
96 115 0.130000
98 115 0.020000
101 115 0.166667
105 115 0.333333
106 115 0.500000
110 115 0.166667
112 115 0.333333
113 115 0.173333
114 115 1.000000
116 115 1.000000
20 116 0.056667
29 116 0.036667
36 116 0.166667
37 116 0.166667
38 116 0.166667
42 116 0.166667
45 116 0.043333
59 116 0.166667
60 116 0.050000
65 116 0.166667
76 116 0.023333
81 116 0.166667
95 116 0.186667
96 116 0.166667
107 116 0.063333
113 116 0.166667
115 116 1.000000
